3393	5952	20
0.26676613092422485	0.8475100994110107	-0.291448175907135	0.11966347694396973	0.2907806634902954	0.6219762368207761	2	0.34774736289664143	4	0.0302764002825825	3	0.2791081666946411	0.5510636568069458	-0.7864015698432922	0.8734332919120789	-0.48598456382751465	-0.030551861971616745	-0.39901503920555115	-0.6783419847488403	-0.6169595718383789
0.3056216835975647	0.8738648891448975	-0.23923076689243317	0.12091493606567383	0.2865194082260132	0.5593313998837195	2	0.39743259951991056	4	0.04323600059636995	3	0.3337518572807312	0.8273497819900513	-0.4517766535282135	0.9128957390785217	-0.40315887331962585	-0.0639093890786171	-0.23501315712928772	-0.39109504222869873	-0.8898389935493469
0.38698047399520874	0.831283450126648	-0.25294971466064453	0.12637174129486084	0.28689730167388916	0.6054283856438848	4	0.3897261680510756	2	0.004845446305039625	5	0.3374346196651459	0.6948673725128174	-0.6350568532943726	0.8701218962669373	-0.4876587390899658	-0.07125168293714523	-0.35920149087905884	-0.5285341143608093	-0.7691722512245178
0.13731323182582855	0.8614938259124756	-0.31723272800445557	0.11135339736938477	0.2945735454559326	0.8038869977383846	2	0.14908232850019593	4	0.0470306737614195	3	0.1611708551645279	0.4209699034690857	-0.8926411867141724	0.9090524315834045	-0.4154665470123291	-0.03180018812417984	-0.3842494785785675	-0.8063323497772217	-0.4496448338031769
0.2144172340631485	0.8863481283187866	-0.27626141905784607	0.11538529396057129	0.28965985774993896	0.7133983150182025	2	0.22810546448021057	4	0.0584962205015869	3	0.28227606415748596	0.717111349105835	-0.6372374296188354	0.9132207036018372	-0.404326468706131	-0.050478458404541016	-0.2938506305217743	-0.5676895380020142	-0.7690125703811646
0.22985467314720154	0.9082938432693481	-0.22769343852996826	0.11562299728393555	0.2860184907913208	0.7012918808387436	2	0.2245264256213029	4	0.07418169353995348	3	0.37529465556144714	0.8211603164672852	-0.4299412965774536	0.9045064449310303	-0.42580029368400574	-0.023709865286946297	-0.20253875851631165	-0.3799865245819092	-0.9025455117225647
0.11202462762594223	0.8967417478561401	-0.300932377576828	0.10861372947692871	0.29258179664611816	0.8325418358495564	2	0.10069252557288344	4	0.06676563857756009	3	0.17309902608394623	0.5835334062576294	-0.7934263944625854	0.9336990118026733	-0.3535962700843811	-0.056354112923145294	-0.31343716382980347	-0.7310666441917419	-0.6060518026351929
0.16309349238872528	0.9150742292404175	-0.26293885707855225	0.11138033866882324	0.2887880802154541	0.7840818398876651	2	0.1349609261353498	4	0.08095723397698511	3	0.31012916564941406	0.7226340770721436	-0.6177538633346558	0.9132092595100403	-0.4071037471294403	-0.017764683812856674	-0.2643272578716278	-0.5586292147636414	-0.7861708998680115
0.45104098320007324	0.7679988145828247	-0.27068474888801575	0.13134849071502686	0.2880011796951294	0.733040112371013	4	0.2323681189642879	2	0.034591768664699096	5	0.31315356492996216	0.45081329345703125	-0.8358840942382812	0.7858991026878357	-0.6171597838401794	-0.03842248022556305	-0.533195436000824	-0.6448885202407837	-0.5475596189498901
0.48308831453323364	0.8196017742156982	-0.20481500029563904	0.13089287281036377	0.2833958864212036	0.7156163922614784	4	0.22958117734205422	2	0.0548024303964673	5	0.34590405225753784	0.8210865259170532	-0.45405635237693787	0.89582759141922	-0.43291175365448	-0.10040092468261719	-0.27900418639183044	-0.37202712893486023	-0.8852978944778442
0.5975326895713806	0.7547987699508667	-0.22315946221351624	0.1368340253829956	0.2833317518234253	0.827065636884441	4	0.09821662890703592	5	0.07471773420852303	2	0.2708997428417206	0.6426095962524414	-0.7167050838470459	0.8388577699661255	-0.5227929949760437	-0.15167395770549774	-0.4721556007862091	-0.5601252317428589	-0.6806826591491699
0.3063754737377167	0.7849787473678589	-0.3085584044456482	0.12403619289398193	0.2930690050125122	0.5172233597505714	2	0.48269473438351596	4	8.190586591261529e-05	3	0.24809694290161133	0.327880859375	-0.9115602374076843	0.8103787899017334	-0.5858237147331238	0.009842579253017902	-0.530786395072937	-0.741150975227356	-0.4110487103462219
0.15638935565948486	0.7999053001403809	-0.3346647620201111	0.11471688747406006	0.29820799827575684	0.7670957267019042	2	0.22135710895285485	4	0.011547164345240975	3	0.1354716271162033	0.25513342022895813	-0.9573684334754944	0.8701422810554504	-0.4927327334880829	-0.008181797340512276	-0.4738142192363739	-0.8319383263587952	-0.2887536883354187
0.0031230198219418526	0.806899905204773	-0.34299302101135254	0.1033405065536499	0.3030579090118408	0.866753029482533	2	0.07452765714067446	4	0.05871931337679254	8	-0.00019301401334814727	0.22345705330371857	-0.9747137427330017	0.9423796534538269	-0.3260452151298523	-0.07493378967046738	-0.3345452845096588	-0.9185649752616882	-0.210518479347229
0.0037208441644906998	0.8678880929946899	-0.32595503330230713	0.10160994529724121	0.29800987243652344	0.897098978135177	2	0.052525413784373344	4	0.05037560808044962	3	0.004862916190177202	0.3563846945762634	-0.934326708316803	0.9589492082595825	-0.26658377051353455	-0.096693255007267	-0.28353631496429443	-0.8955016732215881	-0.34305116534233093
0.004228724166750908	0.9014533758163452	-0.3097988963127136	0.10079324245452881	0.29510533809661865	0.9013050277274163	2	0.0703117577142357	3	0.02838321455834808	4	0.00935728382319212	0.49789196252822876	-0.867188572883606	0.9670587182044983	-0.22512203454971313	-0.1188177838921547	-0.2543816566467285	-0.837510347366333	-0.4835972189903259
0.08642980456352234	0.9205507040023804	-0.2864201068878174	0.10623109340667725	0.29119300842285156	0.848464333607615	2	0.08563991092078468	3	0.06589575547160038	4	0.18961256742477417	0.5899491906166077	-0.7848612070083618	0.9381964206695557	-0.3445875942707062	-0.03235645964741707	-0.2895421087741852	-0.730218768119812	-0.6188263297080994
0.004664760082960129	0.9230886697769165	-0.29538780450820923	0.9311895966529846	0.08733159303665161	0.8978254339668225	2	0.08879765084619563	3	0.013376915186981857	4	0.015903672203421593	0.5009267926216125	-0.8653435707092285	0.10981649160385132	-0.8610924482345581	-0.49644768238067627	-0.9938247203826904	-0.08713365346193314	-0.06870455294847488
0.06595304608345032	0.9477652311325073	-0.27400335669517517	0.9236612915992737	0.07140839099884033	0.8509415738398367	2	0.11432309530266414	3	0.034735330857499205	4	0.2360575646162033	0.37469664216041565	-0.8965931534767151	-0.07276973128318787	-0.9132615327835083	-0.40082159638404846	-0.9690104722976685	0.15986180305480957	-0.18831568956375122
0.08642980456352234	0.9205507040023804	-0.2864201068878174	0.9311895966529846	0.06578928232192993	0.848464333607615	2	0.08563991092078468	3	0.06589575547160038	4	0.18961256742477417	0.5899491906166077	-0.7848612070083618	-0.04065488278865814	-0.7939596176147461	-0.6066097617149353	-0.9810169339179993	0.14692926406860352	-0.12656038999557495
0.12288546562194824	0.9469493627548218	-0.2512776255607605	0.919342041015625	0.05663186311721802	0.8111176251954767	2	0.11389426970541694	3	0.07498810509910633	4	0.40681472420692444	0.5021620988845825	-0.7631089091300964	-0.15508632361888885	-0.7852668762207031	-0.599419891834259	-0.9002500772476196	0.3622005879878998	-0.24157962203025818
0.16309349238872528	0.9150742292404175	-0.26293885707855225	0.9262941479682922	0.04448282718658447	0.7840818398876651	2	0.1349609261353498	4	0.08095723397698511	3	0.31012916564941406	0.7226340770721436	-0.6177538633346558	-0.09978007525205612	-0.6214621067047119	-0.7770642042160034	-0.9454437494277954	0.3026297986507416	-0.12062904238700867
0.17216932773590088	0.94579017162323	-0.21735337376594543	0.9113525748252869	0.04352766275405884	0.7700741955934113	2	0.11609736278612866	4	0.11382844162046009	3	0.5245263576507568	0.6263433694839478	-0.5766854286193848	-0.16319161653518677	-0.5908200740814209	-0.790126621723175	-0.8356078863143921	0.5085524916648865	-0.20768672227859497
0.22985467314720154	0.9082938432693481	-0.22769343852996826	0.9167075157165527	0.025608420372009277	0.7012918808387436	2	0.2245264256213029	4	0.07418169353995348	3	0.37529465556144714	0.8211603164672852	-0.4299412965774536	-0.10079625993967056	-0.42493969202041626	-0.8995923399925232	-0.9214086532592773	0.38094866275787354	-0.07670771330595016
0.2101515829563141	0.9442379474639893	-0.17449377477169037	0.9004272222518921	0.03342828154563904	0.7348005825184916	2	0.1520069403161295	4	0.11319247716537895	3	0.5917388796806335	0.7185351848602295	-0.365447998046875	-0.1214008703827858	-0.36873531341552734	-0.9215726852416992	-0.79693603515625	0.5896961092948914	-0.1309642344713211
0.28147807717323303	0.9018628597259521	-0.183403879404068	0.9041166305541992	0.011387944221496582	0.6307981272990322	2	0.3016787572340898	4	0.06752311546687802	3	0.4036707282066345	0.8784241080284119	-0.2557753324508667	-0.07766175270080566	-0.24565675854682922	-0.9662408828735352	-0.911602258682251	0.40990713238716125	-0.03094448894262314
0.28147807717323303	0.9018628597259521	-0.183403879404068	0.11877334117889404	0.28304553031921387	0.6307981272990322	2	0.3016787572340898	4	0.06752311546687802	3	0.4036707282066345	0.8784241080284119	-0.2557753324508667	0.905044674873352	-0.4243306517601013	-0.02894035540521145	-0.1339552253484726	-0.2198057323694229	-0.9663029909133911
0.37633371353149414	0.8631769418716431	-0.19298608601093292	0.12478721141815186	0.2833646535873413	0.5424917254447285	4	0.4338232585638271	2	0.023685015991444507	3	0.34734055399894714	0.8976077437400818	-0.2713945209980011	0.923872709274292	-0.3771458864212036	-0.06496305018663406	-0.16066664457321167	-0.22816966474056244	-0.960273265838623
0.48474738001823425	0.41763603687286377	0.14477474987506866	0.15083658695220947	0.2578991651535034	0.8440203483352196	4	0.08267585424090253	5	0.07330379742387788	1	0.3566713035106659	0.06170616298913956	0.93218994140625	0.3157070279121399	-0.9470760822296143	-0.058103203773498535	0.8792694807052612	0.31502264738082886	-0.35727593302726746
0.33628207445144653	0.5374925136566162	0.18317708373069763	0.13780248165130615	0.25133204460144043	0.7724977273394189	4	0.158089047222358	2	0.06941322543822308	1	0.27506524324417114	0.1624935269355774	0.9475942850112915	0.5644877552986145	-0.8251385688781738	-0.022363251075148582	0.7782626152038574	0.5410566926002502	-0.31869250535964966
0.32939594984054565	0.4171842336654663	0.2037157416343689	0.14574575424194336	0.24556195735931396	0.7678064148162895	4	0.1415846406164331	1	0.09060894456727733	2	0.31463807821273804	0.12960687279701233	0.9403217434883118	0.46147239208221436	-0.8865694999694824	-0.032213740050792694	0.8294854760169983	0.44406819343566895	-0.3387584984302521
0.49246785044670105	0.539116621017456	0.13185536861419678	0.14343512058258057	0.26136553287506104	0.8636337590407842	4	0.07103612063948977	2	0.06533012031972603	5	0.3250904381275177	0.1160743311047554	0.9385324120521545	0.395679771900177	-0.9180875420570374	-0.023510431870818138	0.858925998210907	0.37900131940841675	-0.34438976645469666
0.3350760042667389	0.6480343341827393	0.16156843304634094	0.1315211057662964	0.2565263509750366	0.7060387033620311	4	0.270294645526791	2	0.023666651111177838	1	0.25594714283943176	0.2206800878047943	0.9411649107933044	0.6607000827789307	-0.7506410479545593	-0.003668587887659669	0.7056673765182495	0.6227666735649109	-0.33792775869369507
0.17013287544250488	0.5364965200424194	0.22376808524131775	0.12884044647216797	0.24007821083068848	0.5605832550277506	4	0.32151207089697026	2	0.11790467407527916	1	0.1775420606136322	0.20578746497631073	0.9623567461967468	0.6896942257881165	-0.7235788106918335	0.02748844586312771	0.701997697353363	0.6588515043258667	-0.27039608359336853
0.16650082170963287	0.414776086807251	0.24961480498313904	0.13755857944488525	0.2320002317428589	0.5861190422999477	4	0.25671854958666646	1	0.15716240811338586	2	0.20360812544822693	0.19024676084518433	0.9603905081748962	0.5992739796638489	-0.7999276518821716	0.03141075372695923	0.7742186188697815	0.5691415071487427	-0.2768816649913788
0.16884751617908478	0.6488480567932129	0.19848069548606873	0.12208247184753418	0.2474743127822876	0.5880824267561562	2	0.35459961670196805	4	0.05731795654187574	1	0.16065773367881775	0.2317631095647812	0.9594138860702515	0.7604910731315613	-0.648684561252594	0.02935372292995453	0.6291600465774536	0.724909782409668	-0.28046995401382446
0.626883327960968	0.41828036308288574	0.08752846717834473	0.15311169624328613	0.2685352563858032	0.7823942290936079	4	0.2026798814486794	5	0.014925889457712753	1	0.38301634788513184	-0.005712070502340794	0.9237239956855774	0.1380026638507843	-0.9884048700332642	-0.06333397328853607	0.9133749008178711	0.15173429250717163	-0.37778690457344055
0.4707191288471222	0.29774248600006104	0.15453055500984192	0.15968918800354004	0.2542167901992798	0.7349810902368845	4	0.15207887607392345	1	0.11294003368919206	5	0.4455738365650177	0.01181707251816988	0.8951672315597534	0.17435456812381744	-0.9819117188453674	-0.07382365316152573	0.878102719783783	0.18897035717964172	-0.4395744800567627
0.6355838179588318	0.25680530071258545	0.0651622861623764	0.16352999210357666	0.2696002721786499	0.5297201395383893	4	0.38799830025937015	5	0.08228156020224062	1	0.3932015895843506	-0.3654547929763794	0.8437032699584961	-0.2702464759349823	-0.9230194687843323	-0.2738647162914276	0.8788397312164307	-0.1203237920999527	-0.4616955816745758
0.6303490400314331	0.5419982671737671	0.08199295401573181	0.14602923393249512	0.2694307565689087	0.8490429950320294	4	0.142531233152982	5	0.008425771814988601	2	0.36711472272872925	0.0917028933763504	0.9256443381309509	0.2279951274394989	-0.9736436009407043	0.0060342419892549515	0.9018009305000305	0.20882710814476013	-0.37834665179252625
0.4930224120616913	0.6482702493667603	0.11312621831893921	0.13779950141906738	0.2646857500076294	0.823707674149029	4	0.11718087535287285	2	0.05911145049809815	5	0.31602737307548523	0.22949911653995514	0.9205741286277771	0.5436715483665466	-0.8389958143234253	0.0225225817412138	0.77752685546875	0.49337226152420044	-0.3899178206920624
0.6199910640716553	0.7408583164215088	0.02961711585521698	0.1378631591796875	0.27289390563964844	0.8033740418483405	4	0.11796880909652505	5	0.07865714905513445	2	0.36213165521621704	0.5791603326797485	0.7303656935691833	0.7802811861038208	-0.6169928908348083	0.10237786918878555	0.5099235773086548	0.5328162312507629	-0.675340473651886
0.6333600878715515	0.6472815275192261	0.06373786926269531	0.14130961894989014	0.27089548110961914	0.8269334068565692	4	0.12686230214820585	5	0.04620429099522495	2	0.3588871657848358	0.2595210075378418	0.8965762853622437	0.400633305311203	-0.9104127883911133	0.10315805673599243	0.8430261015892029	0.32217615842819214	-0.4307081699371338
0.46817219257354736	0.7381895780563354	0.09364710748195648	0.13316822052001953	0.2670532464981079	0.7598505764062341	4	0.19147594162751813	2	0.048673481966247725	5	0.33021849393844604	0.41615405678749084	0.8472140431404114	0.7468066215515137	-0.6641127467155457	0.03513144701719284	0.5772656202316284	0.6211039423942566	-0.5300889015197754
0.31632229685783386	0.7393660545349121	0.14167775213718414	0.12635290622711182	0.26040375232696533	0.5911681608401336	4	0.4088318391598665	2	0.0	0	0.256619393825531	0.3303167521953583	0.9083156585693359	0.7837885022163391	-0.6210123300552368	0.004398723132908344	0.5655282139778137	0.7107985615730286	-0.4182622730731964
0.15885736048221588	0.7417676448822021	0.1756713092327118	0.11694550514221191	0.2533992528915405	0.7253968082302323	2	0.24870267959984185	4	0.025900512169925845	8	0.1543755680322647	0.2984330356121063	0.9418630003929138	0.8492079377174377	-0.5273213386535645	0.027894888073205948	0.5049892067909241	0.7955312132835388	-0.3348372280597687
-0.0012697596102952957	0.649852991104126	0.2159830629825592	0.10899710655212402	0.23826444149017334	0.723092664262104	2	0.13868469943106765	4	0.13822263630682843	8	0.012027205899357796	0.24793541431427002	0.9687018394470215	0.8616884350776672	-0.49405887722969055	0.11575388163328171	0.5072952508926392	0.8333269953727722	-0.21958522498607635
-0.0008552274666726589	0.5366986989974976	0.24411416053771973	0.11603868007659912	0.2283557653427124	0.5578704705105487	2	0.222262414990255	4	0.21986711449919624	8	0.019515972584486008	0.23239699006080627	0.9724252820014954	0.7627140283584595	-0.632315993309021	0.1358080953359604	0.6464414000511169	0.7390319108963013	-0.18959271907806396
-0.0004285350441932678	0.414064884185791	0.2731674909591675	0.12568986415863037	0.217803955078125	0.37913186032289714	1	0.31203681013984996	4	0.3088313295372529	8	0.027223560959100723	0.2233327329158783	0.9743620157241821	0.6756914854049683	-0.7224382758140564	0.14671073853969574	0.7366817593574524	0.6543741226196289	-0.17057137191295624
0.16107138991355896	0.2940337657928467	0.2743849754333496	0.1478480100631714	0.22413349151611328	0.5504669560809283	1	0.36657418947440606	4	0.08295885444466562	2	0.22658370435237885	0.19406777620315552	0.9544618725776672	0.5188811421394348	-0.8533633351325989	0.05033234879374504	0.8242706656455994	0.48384779691696167	-0.29405632615089417
2.7939677238464355e-09	0.29224610328674316	0.30113327503204346	0.13733530044555664	0.20783603191375732	0.6239873251423698	1	0.18944403616554284	4	0.18656863869208737	8	0.031452666968107224	0.20843519270420074	0.977530300617218	0.5889758467674255	-0.7940399646759033	0.15035954117774963	0.8075383901596069	0.5710124969482422	-0.14773796498775482
0.3185001313686371	0.29885900020599365	0.2232452630996704	0.15495550632476807	0.23974812030792236	0.6414920730627286	4	0.28902015188319913	1	0.0694877750540723	0	0.3570197820663452	0.1441386491060257	0.9229089021682739	0.39214640855789185	-0.9198676943778992	-0.008034956641495228	0.8477959632873535	0.3647840917110443	-0.3849343955516815
0.6657873392105103	-2.1507086753845215	0.3532394468784332	0.5869501829147339	0.35330986976623535	1.0	13	0.0	0	0.0	0	0.407804012298584	0.1103106439113617	0.9063815474510193	0.8911786079406738	0.16797752678394318	-0.42140746116638184	-0.1987374722957611	0.9795994758605957	-0.029804572463035583
0.6301902532577515	-2.3646416664123535	0.3759765625	0.5745573043823242	0.3213217258453369	1.0	13	0.0	0	0.0	0	0.030046993866562843	-0.01348354946821928	0.999457597732544	0.9822548031806946	0.1855943650007248	-0.027025993913412094	-0.18512926995754242	0.9825339913368225	0.018820831552147865
0.7143173217773438	-2.356255531311035	0.3546081483364105	0.588182806968689	0.3200874328613281	0.9994363561721831	13	0.0005636438278169243	14	0.0	0	0.41209614276885986	0.08335033059120178	0.9073200225830078	0.8905952572822571	0.17342808842658997	-0.4204317629337311	-0.19239787757396698	0.9813131093978882	-0.0027623623609542847
0.5753307342529297	-2.1574418544769287	0.3759560286998749	0.5722223520278931	0.3549778461456299	1.0	13	0.0	0	0.0	0	0.025836123153567314	0.016368702054023743	0.9995322227478027	0.9813724756240845	0.18999221920967102	-0.0284781064838171	-0.19036950170993805	0.9816491603851318	-0.01115513127297163
0.5500099062919617	-2.373765707015991	0.3603384792804718	0.5616669654846191	0.32219743728637695	1.0	13	0.0	0	0.0	0	-0.43354251980781555	-0.13886916637420654	0.8903685212135315	0.8806953430175781	0.1439426988363266	0.4512828588485718	-0.19083133339881897	0.9797937273979187	0.05989614874124527
0.6869391202926636	-2.589489459991455	0.3667484223842621	0.5768125057220459	0.2850966453552246	0.9331136758609546	13	0.06688632413904544	14	0.0	0	0.02420874312520027	-0.0605507455766201	0.9978715777397156	0.983292818069458	0.181577667593956	-0.012836938723921776	-0.1804138869047165	0.9815106391906738	0.06393487006425858
0.7648547887802124	-2.579773426055908	0.3478811979293823	0.5894407033920288	0.28420233726501465	0.9305975993341564	13	0.06940240066584354	14	0.0	0	0.4088015854358673	0.04040426388382912	0.9117285013198853	0.8938978314399719	0.18360844254493713	-0.4089434742927551	-0.1839240938425064	0.9821687340736389	0.038942135870456696
0.612777829170227	-2.6000356674194336	0.3511371314525604	0.5648068189620972	0.28544068336486816	0.9340280399526695	13	0.06597196004733054	14	0.0	0	-0.43415892124176025	-0.17641130089759827	0.883394181728363	0.8806042075157166	0.1235538050532341	0.45746108889579773	-0.18984803557395935	0.976531445980072	0.10170656442642212
0.7018437385559082	-1.9450674057006836	0.28983038663864136	0.6020755767822266	0.3844563961029053	1.0	13	0.0	0	0.0	0	0.693344235420227	0.19401559233665466	0.6939969658851624	0.6867411732673645	0.11386715620756149	-0.7179281711578369	-0.21831271052360535	0.974367618560791	-0.054289355874061584
0.7452875375747681	-2.1458373069763184	0.2971005141735077	0.6023232936859131	0.3518030643463135	1.0	13	0.0	0	0.0	0	0.6996427774429321	0.16968747973442078	0.6940504908561707	0.6845481991767883	0.1190754696726799	-0.7191765308380127	-0.20467963814735413	0.9782776832580566	-0.03284896910190582
0.6168503761291504	-1.9486602544784546	0.3485472500324249	0.5856951475143433	0.3862934112548828	1.0	13	0.0	0	0.0	0	0.39657339453697205	0.13803507387638092	0.9075658321380615	0.8932950496673584	0.1698005497455597	-0.41616320610046387	-0.2115502953529358	0.9757633805274963	-0.05596765875816345
0.5198590159416199	-1.9535701274871826	0.3718215823173523	0.5698835849761963	0.38855981826782227	1.0	13	0.0	0	0.0	0	0.018274903297424316	0.044281456619501114	0.998852014541626	0.9793418049812317	0.20042769610881805	-0.02680337056517601	-0.20138446986675262	0.9787072539329529	-0.03970388323068619
0.48897579312324524	-2.1647982597351074	0.3591923415660858	0.5582621097564697	0.356442928314209	1.0	13	0.0	0	0.0	0	-0.4392411708831787	-0.11482325196266174	0.8910010457038879	0.8771994113922119	0.15922264754772186	0.45295631885528564	-0.1938774287700653	0.9805425405502319	0.03078574314713478
0.42711007595062256	-1.9589674472808838	0.3530958294868469	0.5547621250152588	0.3907949924468994	1.0	13	0.0	0	0.0	0	-0.44056016206741333	-0.10496063530445099	0.8915660977363586	0.8740454912185669	0.17643925547599792	0.45267409086227417	-0.20482021570205688	0.9786994457244873	0.014008264988660812
0.42178037762641907	-2.1714930534362793	0.296896368265152	0.5435959100723267	0.3571343421936035	1.0	13	0.0	0	0.0	0	-0.8090439438819885	-0.23651376366615295	0.53806072473526	0.5406143069267273	0.059746842831373215	0.8391462564468384	-0.23061706125736237	0.9697895050048828	0.07952489703893661
0.48773160576820374	-2.38193941116333	0.30222466588020325	0.5481376647949219	0.32225799560546875	1.0	13	0.0	0	0.0	0	-0.8059772253036499	-0.24591252207756042	0.5384494662284851	0.5467693209648132	0.03926294669508934	0.8363623023033142	-0.22681304812431335	0.9684965014457703	0.10281237214803696
0.5553188323974609	-2.6093854904174805	0.29634231328964233	0.5521999597549438	0.28485894203186035	0.9328026261365656	13	0.06719737386343444	14	0.0	0	-0.8037530183792114	-0.26054373383522034	0.5348815321922302	0.5514895915985107	0.011083248071372509	0.8341081142425537	-0.22324983775615692	0.9653984308242798	0.1347789466381073
0.6271570324897766	-2.867879629135132	0.27385252714157104	0.555719256401062	0.2421271800994873	0.7995295844442456	13	0.2004704155557544	14	0.0	0	-0.8065943121910095	-0.2716599106788635	0.5249825119972229	0.5499039888381958	-0.019082026556134224	0.8350099325180054	-0.21682097017765045	0.962204098701477	0.16477830708026886
0.6798267364501953	-2.8578288555145264	0.3263331651687622	0.5676631927490234	0.24327707290649414	0.8059634304852937	13	0.19403656951470633	14	0.0	0	-0.44854193925857544	-0.21153897047042847	0.868367075920105	0.8738400340080261	0.10019683092832565	0.47577741742134094	-0.1876530945301056	0.9722200632095337	0.13990873098373413
0.748050332069397	-2.8463876247406006	0.3433641195297241	0.578994631767273	0.24340200424194336	0.8062632673513117	13	0.1937367326486883	14	0.0	0	-0.0016952139558270574	-0.10930167138576508	0.9940071702003479	0.9843361973762512	0.17505498230457306	0.020927879959344864	-0.17629335820674896	0.9784727096557617	0.10729283839464188
0.8197741508483887	-2.8358423709869385	0.3285999298095703	0.5907384157180786	0.24279999732971191	0.80135447797253	13	0.19864552202746996	14	0.0	0	0.38964709639549255	-0.005449233576655388	0.9209482073783875	0.9038355350494385	0.19422663748264313	-0.381257563829422	-0.176795095205307	0.9809415936470032	0.08060505241155624
0.8335733413696289	-2.572805643081665	0.2992647886276245	0.6026736497879028	0.28299665451049805	0.9271529421977976	13	0.0728470578022024	14	0.0	0	0.7058596014976501	0.11585529893636703	0.6988131403923035	0.6827360391616821	0.15162958204746246	-0.7147587537765503	-0.18876934051513672	0.9816242456436157	0.0279306061565876
0.8829396963119507	-2.8283567428588867	0.2857326865196228	0.602910041809082	0.24165916442871094	0.7925650608264763	13	0.2074349391735238	14	0.0	0	0.7021212577819824	0.08102626353502274	0.7074323892593384	0.6888641119003296	0.17420987784862518	-0.7036455869674683	-0.1802554726600647	0.9813692569732666	0.06650036573410034
0.7884350419044495	-2.350213050842285	0.30171647667884827	0.6024800539016724	0.31878161430358887	0.9960178741418693	13	0.003982125858130694	14	0.0	0	0.703759491443634	0.14878630638122559	0.6946836113929749	0.6821351051330566	0.13173481822013855	-0.719261884689331	-0.19853031635284424	0.9800553321838379	-0.00878272857517004
0.26713278889656067	-0.71803218126297	-0.40462687611579895	0.2805842161178589	0.3321557641029358	0.6229133452944221	12	0.31863758395718556	0	0.05844907074839234	16	0.3821352422237396	0.10319599509239197	-0.9183263778686523	-0.11234790831804276	-0.9811859130859375	-0.15701013803482056	-0.917251706123352	0.16317115724086761	-0.36335188150405884
0.14580649137496948	-0.8424702882766724	-0.4522284269332886	0.301668643951416	0.34637975692749023	0.6904229909231637	12	0.17982011470735348	0	0.12975689436948282	16	0.16891811788082123	0.06334268301725388	-0.9835925698280334	-0.2424325793981552	-0.9646043181419373	-0.10375422239303589	-0.9553496837615967	0.25598084926605225	-0.14758281409740448
0.13816015422344208	-0.7178227305412292	-0.44137507677078247	0.28375089168548584	0.3509979248046875	0.5418373204649605	12	0.3368090347762	0	0.12135364475883953	16	0.17521341145038605	0.09618620574474335	-0.9798206686973572	-0.15228860080242157	-0.9805903434753418	-0.12349429726600647	-0.9726811051368713	0.1708533763885498	-0.15716451406478882
0.3770914375782013	-0.7166069149971008	-0.3417445421218872	0.2778892517089844	0.31561708450317383	0.6608723994438459	12	0.3045391347961281	0	0.034588465760025944	13	0.615215003490448	0.10952409356832504	-0.7807143926620483	-0.04472419619560242	-0.983859121799469	-0.17326600849628448	-0.7870898246765137	0.1415126770734787	-0.6003865003585815
0.28144320845603943	-0.847180962562561	-0.41452497243881226	0.29728519916534424	0.32763969898223877	0.7681347521286379	12	0.16230919597228075	0	0.06955605189908134	13	0.3794342875480652	0.09397264569997787	-0.9204340577125549	-0.1801324337720871	-0.9682889580726624	-0.17311516404151917	-0.9075140953063965	0.23148581385612488	-0.35047447681427
0.15821996331214905	-0.977186918258667	-0.4550623595714569	0.3194901943206787	0.3386814594268799	0.7613972442100579	12	0.12950464475665324	16	0.1090981110332888	13	0.12640678882598877	-0.041974231600761414	-0.9910900592803955	-0.40186187624931335	-0.9156153202056885	-0.012476984411478043	-0.9069335460662842	0.3998584747314453	-0.1326078325510025
0.39634913206100464	-0.8500550389289856	-0.34919723868370056	0.29396867752075195	0.31175756454467773	0.774358770347892	12	0.1419219940827423	0	0.08371923556936571	13	0.6154794096946716	0.12901657819747925	-0.777521550655365	-0.06851019710302353	-0.9740192294120789	-0.21585413813591003	-0.7851697206497192	0.18612192571163177	-0.5906498432159424
0.302601158618927	-0.9859286546707153	-0.41826456785202026	0.3130316734313965	0.32057976722717285	0.7815604751986311	12	0.14275908809764362	13	0.07568043670372522	0	0.36243370175361633	0.04225912690162659	-0.9310510158538818	-0.31097498536109924	-0.936240553855896	-0.16354908049106598	-0.8785990476608276	0.34880924224853516	-0.326183557510376
0.13508805632591248	-0.591162383556366	-0.42931485176086426	0.26463842391967773	0.3536306619644165	0.6443952173990737	0	0.27234081554857764	12	0.08326396705234869	16	0.17474134266376495	0.07327743619680405	-0.9818838238716125	-0.06936527788639069	-0.9938328862190247	-0.08651380240917206	-0.9821680188179016	0.08322618901729584	-0.1685808002948761
-0.00046982336789369583	-0.7154465913772583	-0.4522363543510437	0.2870748043060303	0.3726567029953003	0.3720896530605539	0	0.3498045489584989	12	0.2781057979809472	16	-0.004582815337926149	0.09084933251142502	-0.9958540797233582	-0.15779010951519012	-0.9834545254707336	-0.08899201452732086	-0.9874619841575623	0.15672807395458221	0.018842114135622978
0.0	-0.5914820432662964	-0.4403480291366577	0.2664433717727661	0.3748847246170044	0.6600502817136367	0	0.1855915486035665	12	0.1543581696827968	16	-0.002539268461987376	0.07542718946933746	-0.9971480965614319	-0.07411547750234604	-0.994422972202301	-0.0750323161482811	-0.9972464442253113	0.07371357828378677	0.008115429431200027
0.2611827850341797	-0.5879539847373962	-0.39395472407341003	0.2624986171722412	0.334505558013916	0.6285632452330443	0	0.334559624919245	12	0.03687712984771069	16	0.3776417374610901	0.06415802985429764	-0.9237264394760132	-0.04793247580528259	-0.994904637336731	-0.08869771659374237	-0.9247102737426758	0.07777244597673416	-0.37264224886894226
0.36940798163414	-0.583378255367279	-0.33372679352760315	0.2604489326477051	0.31756341457366943	0.5934036677861749	0	0.3642983315753915	12	0.042298000638433524	1	0.6096723675727844	0.049570780247449875	-0.7911019325256348	-0.02532275766134262	-0.9963151812553406	-0.08194481581449509	-0.7922489643096924	0.06999237835407257	-0.6061705350875854
0.4587791860103607	-0.7143909931182861	-0.2527003288269043	0.27572882175445557	0.3006296157836914	0.6679053657450068	12	0.2885495321703483	0	0.04354510208464488	13	0.8344842791557312	0.11245173215866089	-0.5394353866577148	0.030817028135061264	-0.9869471788406372	-0.1580682247877121	-0.5501693487167358	0.11528167128562927	-0.827057421207428
0.4809317886829376	-0.8507797718048096	-0.25677675008773804	0.29153895378112793	0.29774224758148193	0.7813004610830565	12	0.1286618863041052	0	0.09003765261283832	13	0.8312223553657532	0.1635705530643463	-0.5313323736190796	0.06298428773880005	-0.9772908687591553	-0.20232541859149933	-0.5523607134819031	0.13471181690692902	-0.8226484060287476
0.42387285828590393	-0.9927839040756226	-0.351392537355423	0.30880510807037354	0.3060184717178345	0.7605710729031682	12	0.17959069433223337	13	0.05983823276459848	0	0.6104660034179688	0.10613128542900085	-0.7848995923995972	-0.14672203361988068	-0.9586770534515381	-0.2437438666820526	-0.7783340811729431	0.2639594078063965	-0.5696679353713989
0.5127575993537903	-0.9959354400634766	-0.2561677396297455	0.3060588836669922	0.2935929298400879	0.7604066294980629	12	0.19241278031921202	13	0.04718059018272502	0	0.8276243805885315	0.16747725009918213	-0.5357138514518738	0.04241218417882919	-0.9703776836395264	-0.23784121870994568	-0.5596777200698853	0.1741223782300949	-0.810211181640625
0.45709776878356934	-1.1539788246154785	-0.34352296590805054	0.322066068649292	0.2985466718673706	0.5363723662824323	12	0.46362763371756766	13	0.0	0	0.6006494164466858	0.059846967458724976	-0.7972694635391235	-0.2497515231370926	-0.9332471489906311	-0.25821271538734436	-0.7595027089118958	0.3542145788669586	-0.5456075072288513
0.3315716087818146	-1.1447985172271729	-0.4099136292934418	0.3271498680114746	0.31035947799682617	0.6395705690648962	12	0.33337529672270116	13	0.027054134212402676	16	0.3298368453979492	-0.025551222264766693	-0.9436920881271362	-0.47326499223709106	-0.8694204092025757	-0.14187410473823547	-0.8168402314186096	0.4934117794036865	-0.2988594174385071
0.1832391768693924	-1.1342264413833618	-0.4404001533985138	0.336240291595459	0.324886679649353	0.6598472572418519	12	0.24153774686609983	13	0.09861499589204832	16	0.022850779816508293	-0.15871649980545044	-0.9870597124099731	-0.6053887009620667	-0.7879137396812439	0.11267940700054169	-0.7956019639968872	0.594980001449585	-0.11408962309360504
0.0014253798872232437	-1.152281403541565	-0.41703858971595764	0.3590583801269531	0.3449056148529053	0.5702318688727005	12	0.26538460686538407	16	0.16438352426191544	13	-0.007932347245514393	-0.40087154507637024	-0.916100025177002	-0.5996575951576233	-0.7312182784080505	0.32516244053840637	-0.8002173900604248	0.551925539970398	-0.23458535969257355
0.00010590814054012299	-0.9698535203933716	-0.46341457962989807	0.3282148838043213	0.3614283800125122	0.6014607246105682	12	0.294345974927322	16	0.10419330046210974	0	-0.007923213765025139	-0.11359009146690369	-0.9934961795806885	-0.4006829261779785	-0.9099202752113342	0.10723002254962921	-0.9161825776100159	0.39892658591270447	-0.03830411657691002
-0.00044927792623639107	-0.8369680047035217	-0.46282342076301575	0.306896448135376	0.3684966564178467	0.5219156174420136	12	0.28181914016522763	16	0.19626524239275875	0	-0.00633972929790616	0.04706297442317009	-0.9988718628883362	-0.2565554976463318	-0.9655337333679199	-0.04386387765407562	-0.9665088057518005	0.2559879720211029	0.018195487558841705
0.7320584654808044	0.6374107599258423	0.022595174610614777	0.2564646005630493	0.9170970916748047	0.7511468881877219	4	0.24885311181227815	5	0.0	0	0.3724989891052246	0.2601762115955353	0.8908158540725708	0.6741984486579895	0.5837608575820923	-0.4524155259132385	-0.63773113489151	0.7691108584403992	0.04203992709517479
0.8024738430976868	0.5465775728225708	0.01361161470413208	0.25725406408309937	0.8996603488922119	0.5289337496811781	4	0.4710662503188219	5	0.0	0	0.3147779107093811	0.1366492062807083	0.9392772912979126	0.7909256219863892	0.5093212127685547	-0.3391588628292084	-0.5247396230697632	0.849658191204071	0.05224371701478958
0.801189124584198	0.6287959814071655	-0.00267578661441803	0.26444458961486816	0.9094691276550293	0.5793646678172165	4	0.4206353321827835	5	0.0	0	0.39014819264411926	0.3094303607940674	0.8672009110450745	0.6671077609062195	0.5541662573814392	-0.49786239862442017	-0.6346272230148315	0.7727565765380859	0.009783566929399967
0.7287644743919373	0.5427992343902588	0.03870613873004913	0.24672144651412964	0.9053812026977539	0.7293569765359126	4	0.2706430234640874	5	0.0	0	0.35330384969711304	0.0964239239692688	0.930526077747345	0.7780967950820923	0.5219256281852722	-0.3495126962661743	-0.5193668007850647	0.84752357006073	0.10937118530273438
0.8099442720413208	0.43786609172821045	0.02013470232486725	0.25026631355285645	0.88482666015625	0.6785583093987654	5	0.32144169060123456	4	0.0	0	0.24773679673671722	0.05523750185966492	0.9672514796257019	0.8681612610816956	0.4304836690425873	-0.24694126844406128	-0.4300263226032257	0.9009065628051758	0.05869157984852791
0.8540512919425964	0.5523744821548462	-0.005070209503173828	0.26450884342193604	0.8964362144470215	0.540354648541361	5	0.459645351458639	4	0.0	0	0.4070288836956024	0.20272871851921082	0.8906338214874268	0.7569859027862549	0.47080564498901367	-0.4531165361404419	-0.5111750960350037	0.8586286306381226	0.038168713450431824
0.8460727334022522	0.6234105825424194	-0.022050946950912476	0.2696188688278198	0.9049924612045288	0.5195319244376492	4	0.4804680755623508	5	0.0	0	0.49301254749298096	0.374578595161438	0.7852576971054077	0.6182360053062439	0.4842156767845154	-0.6191279292106628	-0.6121461391448975	0.7907124161720276	0.007146419025957584
0.8678907155990601	0.45202410221099854	0.0051085203886032104	0.25925493240356445	0.8829452991485596	0.7682352456866205	5	0.23176475431337945	4	0.0	0	0.30345943570137024	0.1141955628991127	0.9459766149520874	0.8513957262039185	0.41326919198036194	-0.3230075538158417	-0.4278290867805481	0.9034202098846436	0.02818482741713524
0.6333600878715515	0.6472815275192261	0.06373786926269531	0.24315130710601807	0.9294866323471069	0.8269334068565692	4	0.12686230214820585	5	0.04620429099522495	2	0.3588871657848358	0.2595210075378418	0.8965762853622437	0.6813416481018066	0.5836855173110962	-0.4416840672492981	-0.6379448175430298	0.7693894505500793	0.0326547771692276
0.7369329929351807	0.7066963911056519	-0.008761875331401825	0.26595085859298706	0.9244263172149658	0.7310432715672478	4	0.26529571032319665	5	0.00366101810955549	2	0.4042036831378937	0.5508899688720703	0.7301641702651978	0.5008285045623779	0.5346815586090088	-0.6806515455245972	-0.7653694152832031	0.6408088207244873	-0.05978115648031235
0.6199910640716553	0.7408583164215088	0.02961711585521698	0.2553357481956482	0.9429984092712402	0.8033740418483405	4	0.11796880909652505	5	0.07865714905513445	2	0.36213165521621704	0.5791603326797485	0.7303656935691833	0.5187601447105408	0.525768518447876	-0.6741331219673157	-0.7744343280792236	0.6230095028877258	-0.110047847032547
0.6303490400314331	0.5419982671737671	0.08199295401573181	0.23121875524520874	0.9146193265914917	0.8490429950320294	4	0.142531233152982	5	0.008425771814988601	2	0.36711472272872925	0.0917028933763504	0.9256443381309509	0.7909175753593445	0.4929788112640381	-0.3625205457210541	-0.48956722021102905	0.8651949763298035	0.10845034569501877
0.7306404113769531	0.4250831604003906	0.04230078309774399	0.23773670196533203	0.8886595964431763	0.6041024168245823	4	0.3958975831754177	5	0.0	0	0.32913661003112793	0.01952933706343174	0.9440802931785583	0.8447269797325134	0.4407423436641693	-0.30361607670783997	-0.42202556133270264	0.8974212408065796	0.12856747210025787
0.626883327960968	0.41828036308288574	0.08752846717834473	0.22040462493896484	0.8959646224975586	0.7823942290936079	4	0.2026798814486794	5	0.014925889457712753	1	0.38301634788513184	-0.005712070502340794	0.9237239956855774	0.8353932499885559	0.4289080500602722	-0.34373825788497925	-0.3942292034626007	0.9033301472663879	0.16905061900615692
0.7505543231964111	0.2818591594696045	0.033902816474437714	0.2314673662185669	0.8656270503997803	0.7364938097484496	5	0.25979259668811405	4	0.0037135935634363395	1	0.2778899073600769	-0.2924213707447052	0.9150229692459106	0.9196135997772217	0.35629644989967346	-0.16541950404644012	-0.2776472270488739	0.8874359726905823	0.36792585253715515
0.8296141028404236	0.29998505115509033	0.019793041050434113	0.24480456113815308	0.8638336658477783	0.8552111612607427	5	0.14478883873925727	4	0.0	0	0.2181684523820877	-0.24266231060028076	0.9452605843544006	0.9383735060691833	0.31821417808532715	-0.1348886489868164	-0.26806291937828064	0.9164358973503113	0.2971321642398834
0.8901973962783813	0.31858325004577637	0.010737210512161255	0.2546943426132202	0.8636866807937622	0.8989132745817346	5	0.10108672541826531	4	0.0	0	0.26530033349990845	-0.17216330766677856	0.9486703872680664	0.9310903549194336	0.30125221610069275	-0.2057131826877594	-0.2503727674484253	0.9378736615180969	0.24022191762924194
0.9355372190475464	0.3363075256347656	-0.002913542091846466	0.26204001903533936	0.8641359806060791	0.9181998531371934	5	0.0818001468628066	4	0.0	0	0.5266093611717224	-0.04561786353588104	0.8488826155662537	0.8155943155288696	0.30874907970428467	-0.48936694860458374	-0.23976784944534302	0.9500490427017212	0.19979582726955414
0.908393383026123	0.46587073802948	-0.013708114624023438	0.26594966650009155	0.8822166919708252	0.8013348257864906	5	0.19866517421350943	4	0.0	0	0.5644463896751404	0.20687519013881683	0.799126386642456	0.7167118787765503	0.3574773669242859	-0.598777174949646	-0.4095417559146881	0.9107210040092468	0.05350690335035324
0.8876802325248718	0.5599074363708496	-0.027269892394542694	0.26992982625961304	0.894926905632019	0.568310091183366	5	0.43168990881663405	4	0.0	0	0.6445760130882263	0.2890239357948303	0.707804262638092	0.6051117777824402	0.37298864126205444	-0.7033628225326538	-0.4672916531562805	0.8816714882850647	0.06552775204181671
0.8719154000282288	0.6229525804519653	-0.04380158707499504	0.27350616455078125	0.902916669845581	0.5053484526612344	5	0.49465154733876565	4	0.0	0	0.6907539367675781	0.4104751944541931	0.5952890515327454	0.4786486029624939	0.35750892758369446	-0.8019245266914368	-0.5419912934303284	0.8388668298721313	0.05047732591629028
